// Tuu, tuu tupakkirulla
1 0 0 0 0
0 0 0 0 0
0 0 0 0 0
0 0 0 0 0

0 0 0 0 1
0 0 0 0 0
0 0 0 0 0
0 0 0 0 0

0 0 0 0 1
0 0 0 0 0
0 0 1 0 0
0 0 0 0 0

0 1 0 0 0
0 0 0 0 0
0 0 0 0 0
0 0 0 0 0

0 1 0 0 0
0 0 0 0 0
0 0 0 0 0
0 0 0 0 0

// Mistäs tiesit tänne tulla
0 0 0 1 0
0 0 0 0 0
0 0 0 1 0
0 0 0 0 0

0 0 0 0 1
0 0 0 0 0
0 0 1 0 0
0 0 0 0 0

0 1 0 0 0
0 0 0 0 0
0 0 1 0 0
0 0 0 0 0

1 0 0 0 0
0 0 0 0 0
0 0 0 0 0
0 0 0 0 0

1 0 0 0 0
0 0 0 0 0
0 0 0 0 0
0 0 0 0 0

// Tulin pitkin Turun tietä
0 0 1 0 0
0 0 0 0 0
1 0 0 0 0
0 0 0 0 0

0 1 0 0 0
0 0 0 0 0
0 0 1 0 0
0 0 0 0 0

0 0 0 1 0
0 0 0 0 0
0 0 1 0 0
0 0 0 0 0

0 1 0 0 0
0 0 0 0 0
0 0 0 0 0
0 0 0 0 0

0 1 0 0 0
0 0 0 0 0
0 0 0 0 0
0 0 0 0 0

// Hämäläisten härkätietä
0 0 0 0 1
0 0 0 0 0
0 0 0 0 0
0 0 0 1 0

0 0 1 0 0
0 0 0 0 0
0 1 0 0 0
0 0 0 0 0

0 0 1 0 0
0 0 0 0 0
0 1 0 0 0
0 0 0 0 0

1 0 0 0 0
0 0 0 0 0
0 0 0 0 0
0 0 0 0 0

1 0 0 0 0
0 0 0 0 0
0 0 0 0 0
0 0 0 0 0

// Mistäs tunsit meidän portin
1 0 0 0 0
0 0 0 0 0
1 0 0 0 0
0 0 0 0 0

0 0 0 0 1
0 0 0 0 0
0 0 0 0 1
0 0 0 0 0

0 0 0 0 1
0 0 0 0 0
0 0 1 0 0
0 0 0 0 0

0 1 0 0 0
0 0 0 0 0
0 0 0 0 0
0 0 0 0 0

0 1 0 0 0
0 0 0 0 0
0 0 0 0 0
0 0 0 0 0

// Siitä tunsin uuden portin
0 0 0 1 0
0 0 0 0 0
0 0 0 0 0
0 0 0 0 1

0 0 1 0 0
0 0 0 0 0
0 1 0 0 0
0 0 0 0 0

0 0 1 0 0
0 0 0 0 0
0 1 0 0 0
0 0 0 0 0

1 0 0 0 0
0 0 0 0 0
0 0 0 0 0
0 0 0 0 0

1 0 0 0 0
0 0 0 0 0
0 0 0 0 0
0 0 0 0 0

// Haka alla, pyörä päällä
0 0 1 0 0
0 0 0 0 0
1 0 0 0 0
0 0 0 0 0

0 1 0 0 0
0 0 0 0 0
0 0 1 0 0
0 0 0 0 0

0 0 0 1 0
0 0 0 0 0
0 0 1 0 0
0 0 0 0 0

0 1 0 0 0
0 0 0 0 0
0 0 0 0 0
0 0 0 0 0

0 1 0 0 0
0 0 0 0 0
0 0 0 0 0
0 0 0 0 0

// Karhuntalja portin päällä
0 0 0 0 1
0 0 0 0 0
0 0 0 0 0
0 0 0 1 0

0 0 1 0 0
0 0 0 0 0
0 1 0 0 0
0 0 0 0 0

0 0 1 0 0
0 0 0 0 0
0 1 0 0 0
0 0 0 0 0

1 0 0 0 0
0 0 0 0 0
0 0 0 0 0
0 0 0 0 0

1 0 0 0 0
0 0 0 0 0
0 0 0 0 0
0 0 0 0 0